/*

BSD 3-Clause License

Copyright (c) 2021, Craig Stark
All rights reserved.

Redistribution and use in source and binary forms, with or without
modification, are permitted provided that the following conditions are met:

1. Redistributions of source code must retain the above copyright notice, this
   list of conditions and the following disclaimer.

2. Redistributions in binary form must reproduce the above copyright notice,
   this list of conditions and the following disclaimer in the documentation
   and/or other materials provided with the distribution.

3. Neither the name of the copyright holder nor the names of its
   contributors may be used to endorse or promote products derived from
   this software without specific prior written permission.

THIS SOFTWARE IS PROVIDED BY THE COPYRIGHT HOLDERS AND CONTRIBUTORS "AS IS"
AND ANY EXPRESS OR IMPLIED WARRANTIES, INCLUDING, BUT NOT LIMITED TO, THE
IMPLIED WARRANTIES OF MERCHANTABILITY AND FITNESS FOR A PARTICULAR PURPOSE ARE
DISCLAIMED. IN NO EVENT SHALL THE COPYRIGHT HOLDER OR CONTRIBUTORS BE LIABLE
FOR ANY DIRECT, INDIRECT, INCIDENTAL, SPECIAL, EXEMPLARY, OR CONSEQUENTIAL
DAMAGES (INCLUDING, BUT NOT LIMITED TO, PROCUREMENT OF SUBSTITUTE GOODS OR
SERVICES; LOSS OF USE, DATA, OR PROFITS; OR BUSINESS INTERRUPTION) HOWEVER
CAUSED AND ON ANY THEORY OF LIABILITY, WHETHER IN CONTRACT, STRICT LIABILITY,
OR TORT (INCLUDING NEGLIGENCE OR OTHERWISE) ARISING IN ANY WAY OUT OF THE USE
OF THIS SOFTWARE, EVEN IF ADVISED OF THE POSSIBILITY OF SUCH DAMAGE.
*/
#include "precomp.h"
#include "Nebulosity.h"
#include "camera.h"
#include "image_math.h"
#include "file_tools.h"
#include "debayer.h"
#include "quality.h"
#include <wx/textfile.h>
#include <wx/numdlg.h>
#include <wx/stdpaths.h>
#include "FreeImage.h"
#include "setup_tools.h"

//#define ROUND(x) (int) floor(x + 0.5)
#define ASINH(x) logf(x + sqrtf(x * x + 1.0))

int qs_compare (const void *arg1, const void *arg2 ) {
   return (int) (10000.0 * (*(float *) arg1 - *(float *) arg2));
}

double CalcAngle (double dX, double dY) {
// return atan2(dY,dX);
	if (dX == 0.0) dX = 0.00000001;
	if (dX > 0.0) return atan(dY/dX);		// theta = angle star is at
	else if (dY >= 0.0) return atan(dY/dX) + PI;
	else return atan(dY/dX) - PI;	
}

void CalcStats (fImage& Image, bool quick_mode) {
// Calculates mean, min, max, and optionally a 140-bin normalized histogram for display
// Size (140 bins) dictated by size of its display
	float d,maxhist;
	int i, bin, step, nsampled;
	wxString info_string;

	if (!Image.IsOK())  // make sure we have some data
		return;
    frame->AppendGlobalDebug("Calculating image stats");
	if (quick_mode) step = (Image.Npixels - 2*Image.Size[0]) / 200000;  // Skipping 1st and last rows
	else step = 1;
	if (step < 1) step = 1;
	Image.Mean= 0.0;
	if (Image.ColorMode) {
		Image.Min = Image.GetLFromColor(0);
		Image.Max = Image.Min;
	}
	else {
		Image.Min = *(Image.RawPixels);
		Image.Max = *(Image.RawPixels);
	}
	double mean = 0.0;
	
	for (i=0; i<140; i++)
		Image.Histogram[i] = Image.RawHistogram[i] = 0.0;
	maxhist = 0.0;
	nsampled = 0;
	if (Image.ColorMode == COLOR_BW) {
		for (i=Image.Size[0]; i<(Image.Npixels - Image.Size[0]); i+=step, nsampled++) {  
			d=*(Image.RawPixels + i);
//			if (d > 65535.0) wxMessageBox(wxString::Format("bw %.1f %d",d,i),_T("Info"));
			if (d < Image.Min) Image.Min=d;
			if (d > Image.Max) Image.Max=d;
			mean = mean + (double) d;
			bin = (int) (d / 468);
			if (bin > 139) bin = 139;
			else if (bin < 0) bin = 0;
			Image.Histogram[bin] = Image.Histogram[bin] + 1;
			if (Image.Histogram[bin] > maxhist) maxhist = Image.Histogram[bin];
		}
		Image.Mean = (float) ((double) step * mean / (double) Image.Npixels);
	}
	else {
		for (i=Image.Size[0]; i<(Image.Npixels - Image.Size[0]); i+=step, nsampled++) {  
			d=*(Image.Red + i);
			if (d < Image.Min) Image.Min=d;
			if (d > Image.Max) Image.Max=d;
			mean = mean + (double) d;
			bin = (int) (d / 468);
			if (bin > 139) bin = 139;
			else if (bin < 0) bin = 0;
			Image.Histogram[bin] = Image.Histogram[bin] + 1;
			if (Image.Histogram[bin] > maxhist) maxhist = Image.Histogram[bin];

			d=*(Image.Green + i);
			if (d < Image.Min) Image.Min=d;
			if (d > Image.Max) Image.Max=d;
			mean = mean + (double) d;
			bin = (int) (d / 468);
			if (bin > 139) bin = 139;
			else if (bin < 0) bin = 0;
			Image.Histogram[bin] = Image.Histogram[bin] + 1;
			if (Image.Histogram[bin] > maxhist) maxhist = Image.Histogram[bin];

			d=*(Image.Blue + i);
			if (d < Image.Min) Image.Min=d;
			if (d > Image.Max) Image.Max=d;
			mean = mean + (double) d;
			bin = (int) (d / 468);
			if (bin > 139) bin = 139;
			else if (bin < 0) bin = 0;
			Image.Histogram[bin] = Image.Histogram[bin] + 1;
			if (Image.Histogram[bin] > maxhist) maxhist = Image.Histogram[bin];
		}
		Image.Mean = (float) ((double) step * mean / ((double) Image.Npixels * 3.0));
	
	}
	for (i=0; i<140; i++) {
        Image.RawHistogram[i] = (float) Image.Histogram[i] / (float) nsampled;
		if (Image.Histogram[i] == 0) Image.Histogram[i]= (float) 0.001;
		Image.Histogram[i] = log (Image.Histogram[i]) / log (maxhist);
	}
	Image.Quality=QuickQuality(Image);
    frame->AppendGlobalDebug(wxString::Format("  mean/min/max %.1f %.1f %.1f",Image.Mean,Image.Min,Image.Max));
    //frame->SetStatusText(wxString::Format("mh=%.2f %.2f",maxhist,Image.Histogram[100]),0);
}


float RegressSlopeAI(ArrayOfInts& x, ArrayOfInts& y) {

	int i;
	int size;
	double s_xy, s_x, s_y, s_xx, nvalid;
	double retval;
	size = (int) x.GetCount();
	nvalid = 0.0;
	s_xy = 0.0;
	s_xx = 0.0;
	s_x = 0.0;
	s_y = 0.0;

	for (i=0; i<size; i++) {
		if ((x[i] < 64000) && (y[i] < 64000)) {
			nvalid = nvalid + 1;
			s_xy = s_xy + (double) (x[i]) * (double) (y[i]);
			s_x = s_x + (double) x[i];
			s_y = s_y + (double) y[i];
			s_xx = s_xx + (double) (x[i]) * (double) (x[i]);
		}
	}
	
	retval = (nvalid * s_xy - (s_x * s_y)) / (nvalid * s_xx - (s_x * s_x));
	return (float) retval;
}
float RegressSlopeAI(ArrayOfInts& x, ArrayOfInts& y, float& slope, float& intercept) {
	
	int i;
	int size;
	double s_xy, s_x, s_y, s_xx, nvalid;
//	double retval;
	size = (int) x.GetCount();
	nvalid = 0.0;
	s_xy = 0.0;
	s_xx = 0.0;
	s_x = 0.0;
	s_y = 0.0;
	
	for (i=0; i<size; i++) {
		if ((x[i] < 64000) && (y[i] < 64000)) {
			nvalid = nvalid + 1;
			s_xy = s_xy + (double) (x[i]) * (double) (y[i]);
			s_x = s_x + (double) x[i];
			s_y = s_y + (double) y[i];
			s_xx = s_xx + (double) (x[i]) * (double) (x[i]);
		}
	}
	
	slope = (nvalid * s_xy - (s_x * s_y)) / (nvalid * s_xx - (s_x * s_x));
	intercept = (s_y - slope*s_x) / nvalid;
	return slope;
}

void RegressSlopeFloat(float* x, float* y, int nelements, float& slope, float& intercept, bool use_fixed_spacing) {
	int i;
	double s_xy, s_x, s_y, s_xx, nvalid;
	nvalid = 0.0;
	s_xy = 0.0;
	s_xx = 0.0;
	s_x = 0.0;
	s_y = 0.0;
	
	if (use_fixed_spacing) { // Use pixels that are every 100 intensity values apart
		float thresh = x[0];
		for (i=0; i<nelements; i++) {
			if (x[i] > (thresh + 100)) {
				thresh = x[i];
				nvalid = nvalid + 1;
				s_xy = s_xy + (double) (x[i]) * (double) (y[i]);
				s_x = s_x + (double) x[i];
				s_y = s_y + (double) y[i];
				s_xx = s_xx + (double) (x[i]) * (double) (x[i]);
			}
		}
	}
	else { // Just use all the pixels	
		for (i=0; i<nelements; i++) {
			if ((x[i] < 64000) && (y[i] < 64000)) {
				nvalid = nvalid + 1;
				s_xy = s_xy + (double) (x[i]) * (double) (y[i]);
				s_x = s_x + (double) x[i];
				s_y = s_y + (double) y[i];
				s_xx = s_xx + (double) (x[i]) * (double) (x[i]);
			}
		}
	}
	slope = (nvalid * s_xy - (s_x * s_y)) / (nvalid * s_xx - (s_x * s_x));
	intercept = (s_y - slope*s_x) / nvalid;
}




class BlurImage7Thread: public wxThread {
public:
	BlurImage7Thread(fImage* orig_data, fImage* new_data, double *PSF, int start_row, int nrows) :
	wxThread(wxTHREAD_JOINABLE), m_orig(orig_data), m_new(new_data), m_PSF(PSF),  m_start_row(start_row), m_nrows(nrows) {}
	virtual void *Entry();
private:
	fImage *m_orig;
	fImage *m_new;
	double *m_PSF;
	int m_start_row;
	int m_nrows;
};

void *BlurImage7Thread::Entry() {
	int x, y, ind;
	int x2, y2, ind2;
	float sum, R, G, B, L;
	int xind, yind;
	// OK, pass in the y-start not the pixel start

	for (y=m_start_row; y<(m_start_row + m_nrows); y++) {
		for (x=0; x<m_orig->Size[0]; x++) {
			ind = x + m_orig->Size[0] * y;  // this is the center pixel
			sum = 0.0;
			R=G=B=L=0.0;
			for (y2=0; y2<7; y2++) {
				for (x2=0; x2<7; x2++) {
					xind = x + (x2 - 3);
					yind = y + (y2 - 3);
					ind2 = ind + (x2-3) + m_orig->Size[0]*(y2-3);
					if ((xind >= 0) && (xind < m_orig->Size[0]) && (yind >= 0) && (yind < m_orig->Size[1])) { // valid pixel
						if (m_orig->ColorMode) {
							R = R + (*(m_orig->Red + ind2) * m_PSF[x2+7*y2]);
							G = G + (*(m_orig->Green + ind2) * m_PSF[x2+7*y2]);
							B = B + (*(m_orig->Blue + ind2) * m_PSF[x2+7*y2]);
						}
						else {
							L = L + (*(m_orig->RawPixels + ind2) * m_PSF[x2+7*y2]);
						}
						sum = sum + m_PSF[x2+7*y2];
					}
				}
			}
			if (m_orig->ColorMode) {
				*(m_new->Red + ind) = R / sum;
				*(m_new->Green + ind) = G / sum;
				*(m_new->Blue + ind) = B / sum;
				//*(m_new->RawPixels + ind) = (R + G + B) / (3.0 * sum);
			}
			else {
				*(m_new->RawPixels + ind) = L / sum;
			}
		}
	}
	
	
	return NULL;
}

void BlurImage7 (fImage& orig, fImage& blur, int blur_level) {
	int x, y, ind;
	int x2, y2, ind2;
	float sum, R, G, B, L;
	double PSF[7][7];
	
	static const double PSF1[7][7] = {
		{ 0.0000, 0.0002, 0.0011, 0.0018, 0.0011, 0.0002, 0.0000 },
		{ 0.0002, 0.0029, 0.0131, 0.0216, 0.0131, 0.0029, 0.0002 },
		{ 0.0011, 0.0131, 0.0586, 0.0966, 0.0586, 0.0131, 0.0011 },
		{ 0.0018, 0.0216, 0.0966, 0.1592, 0.0966, 0.0216, 0.0018 },
		{ 0.0011, 0.0131, 0.0586, 0.0966, 0.0586, 0.0131, 0.0011 },
		{ 0.0002, 0.0029, 0.0131, 0.0216, 0.0131, 0.0029, 0.0002 },
		{ 0.0000, 0.0002, 0.0011, 0.0018, 0.0011, 0.0002, 0.0000 }};
	static const double PSF2[7][7] = {
		{ 0.0049, 0.0092, 0.0134, 0.0152, 0.0134, 0.0092, 0.0049 },
		{ 0.0092, 0.0172, 0.0250, 0.0283, 0.0250, 0.0172, 0.0092 },
		{ 0.0134, 0.0250, 0.0364, 0.0412, 0.0364, 0.0250, 0.0134 },
		{ 0.0152, 0.0283, 0.0412, 0.0467, 0.0412, 0.0283, 0.0152 },
		{ 0.0134, 0.0250, 0.0364, 0.0412, 0.0364, 0.0250, 0.0134 },
		{ 0.0092, 0.0172, 0.0250, 0.0283, 0.0250, 0.0172, 0.0092 },
		{ 0.0049, 0.0092, 0.0134, 0.0152, 0.0134, 0.0092, 0.0049 }};
	static const double PSF3[7][7] = {
		{ 0.0113, 0.0149, 0.0176, 0.0186, 0.0176, 0.0149, 0.0113 },
		{ 0.0149, 0.0197, 0.0233, 0.0246, 0.0233, 0.0197, 0.0149 },
		{ 0.0176, 0.0233, 0.0275, 0.0290, 0.0275, 0.0233, 0.0176 },
		{ 0.0186, 0.0246, 0.0290, 0.0307, 0.0290, 0.0246, 0.0186 },
		{ 0.0176, 0.0233, 0.0275, 0.0290, 0.0275, 0.0233, 0.0176 },
		{ 0.0149, 0.0197, 0.0233, 0.0246, 0.0233, 0.0197, 0.0149 },
		{ 0.0113, 0.0149, 0.0176, 0.0186, 0.0176, 0.0149, 0.0113 }};
		
	// really need a better way ... why can't pointers do this?
	for (y2 = 0; y2<7; y2++)
		for (x2=0; x2<7; x2++)
			if (blur_level == 1)
				PSF[x2][y2] = PSF1[x2][y2];
			else if (blur_level == 2)
				PSF[x2][y2] = PSF2[x2][y2];
			else
				PSF[x2][y2] = PSF3[x2][y2];
	if (MultiThread) {
		
		BlurImage7Thread *threads[MAX_THREADS];
		int joint_lines[MAX_THREADS+1];
		int i;
		joint_lines[0]=0;
		joint_lines[MultiThread]=(int) CurrImage.Size[1];
		int skip = (int) CurrImage.Size[1] / MultiThread;			
		for (i=1; i<MultiThread; i++)
			joint_lines[i]=joint_lines[i-1]+skip;
		for (i=0; i<MultiThread; i++) {
			threads[i] = new BlurImage7Thread(&orig, &blur, (double *) PSF, joint_lines[i], joint_lines[i+1]-joint_lines[i]);
			if (threads[i]->Create() != wxTHREAD_NO_ERROR) {
				wxMessageBox("Cannot create thread! Aborting");
				return;
			}
			threads[i]->Run();
		}
		for (i=0; i<MultiThread; i++) {
			threads[i]->Wait();
		}
		for (i=0; i<MultiThread; i++) {
			delete threads[i];
		}
	}
	else {
//		t1 = swatch.Time();
		int xind, yind;
		for (y=0; y<orig.Size[1]; y++) {
			for (x=0; x<orig.Size[0]; x++) {
				ind = x + orig.Size[0] * y;  // this is the center pixel
				sum = 0.0;
				R=G=B=L=0.0;
				for (y2=0; y2<7; y2++) {
					for (x2=0; x2<7; x2++) {
						xind = x + (x2 - 3);
						yind = y + (y2 - 3);
						ind2 = ind + (x2-3) + orig.Size[0]*(y2-3);
	//					if ((ind2 >= 0) && (ind2 < orig.Npixels)) { // valid pixel
						if ((xind >= 0) && (xind < orig.Size[0]) && (yind >= 0) && (yind < orig.Size[1])) { // valid pixel
							if (orig.ColorMode) {
								R = R + (*(orig.Red + ind2) * PSF[x2][y2]);
								G = G + (*(orig.Green + ind2) * PSF[x2][y2]);
								B = B + (*(orig.Blue + ind2) * PSF[x2][y2]);
							}
							else 
								L = L + (*(orig.RawPixels + ind2) * PSF[x2][y2]);
							sum = sum + PSF[x2][y2];
						}
					}
				}
				if (orig.ColorMode) {
					*(blur.Red + ind) = R / sum;
					*(blur.Green + ind) = G / sum;
					*(blur.Blue + ind) = B / sum;
					//*(blur.RawPixels + ind) = (R + G + B) / (3.0 * sum);
				}
				else {
					*(blur.RawPixels + ind) = L / sum;
				}
			}
		}
//		t1 = swatch.Time();
//		t3 = 0;
	} // Single-thread version
}

class BlurImage21Thread: public wxThread {
public:
	BlurImage21Thread(fImage* orig_data, fImage* new_data, double *PSF, int start_row, int nrows) :
	wxThread(wxTHREAD_JOINABLE), m_orig(orig_data), m_new(new_data), m_PSF(PSF),  m_start_row(start_row), m_nrows(nrows) {}
	virtual void *Entry();
private:
	fImage *m_orig;
	fImage *m_new;
	double *m_PSF;
	int m_start_row;
	int m_nrows;
};

void *BlurImage21Thread::Entry() {
	int x, y, ind;
	int x2, y2, ind2;
	float sum, R, G, B, L;
	int xind, yind;

	// OK, pass in the y-start not the pixel start
	
	for (y=m_start_row; y<(m_start_row + m_nrows); y++) {
		for (x=0; x<m_orig->Size[0]; x++) {
			ind = x + m_orig->Size[0] * y;  // this is the center pixel
			sum = 0.0;
			R=G=B=L=0.0;
			for (y2=0; y2<21; y2++) {
				for (x2=0; x2<21; x2++) {
					xind = x + (x2 - 10);
					yind = y + (y2 - 10);
					ind2 = ind + (x2-10) + m_orig->Size[0]*(y2-10);
					if ((xind >= 0) && (xind < m_orig->Size[0]) && (yind >= 0) && (yind < m_orig->Size[1])) { // valid pixel
						if (m_orig->ColorMode) {
							R = R + (*(m_orig->Red + ind2) * m_PSF[x2+21*y2]);
							G = G + (*(m_orig->Green + ind2) * m_PSF[x2+21*y2]);
							B = B + (*(m_orig->Blue + ind2) * m_PSF[x2+21*y2]);
						}
						else {
							L = L + (*(m_orig->RawPixels + ind2) * m_PSF[x2+21*y2]);
						}
						sum = sum + m_PSF[x2+21*y2];
					}
				}
			}
			if (m_orig->ColorMode) {
				*(m_new->Red + ind) = R / sum;
				*(m_new->Green + ind) = G / sum;
				*(m_new->Blue + ind) = B / sum;
				//*(m_new->RawPixels + ind) = (R + G + B) / (3.0 * sum);
			}
			else {
				*(m_new->RawPixels + ind) = L / sum;
			}
		}
	}
	
	
	return NULL;
}

void BlurImage21 (fImage& orig, fImage& blur, int blur_level) {
	int x, y, ind;
	int x2, y2, ind2;
	float sum, R, G, B, L;
	double PSF[21][21];
	
	static const double PSF7[21][21] = {
	{	0.00056177,0.00068195,0.00081113,0.00094529,0.0010794,0.0012076,0.0013238,0.0014218,0.0014962,0.0015427,0.0015585,0.0015427,0.0014962,0.0014218,0.0013238,0.0012076,0.0010794,0.00094529,0.00081113,0.00068195,0.00056177 },
	{	0.00068195,0.00082786,0.00098467,0.0011475,0.0013103,0.001466,0.001607,0.001726,0.0018163,0.0018728,0.001892,0.0018728,0.0018163,0.001726,0.001607,0.001466,0.0013103,0.0011475,0.00098467,0.00082786,0.00068195 },
	{	0.00081113,0.00098467,0.0011712,0.0013649,0.0015585,0.0017437,0.0019114,0.0020529,0.0021603,0.0022275,0.0022503,0.0022275,0.0021603,0.0020529,0.0019114,0.0017437,0.0015585,0.0013649,0.0011712,0.00098467,0.00081113 },
	{	0.00094529,0.0011475,0.0013649,0.0015907,0.0018163,0.002032,0.0022275,0.0023924,0.0025177,0.0025959,0.0026225,0.0025959,0.0025177,0.0023924,0.0022275,0.002032,0.0018163,0.0015907,0.0013649,0.0011475,0.00094529 },
	{	0.0010794,0.0013103,0.0015585,0.0018163,0.0020739,0.0023203,0.0025435,0.0027318,0.0028748,0.0029642,0.0029946,0.0029642,0.0028748,0.0027318,0.0025435,0.0023203,0.0020739,0.0018163,0.0015585,0.0013103,0.0010794 },
	{	0.0012076,0.001466,0.0017437,0.002032,0.0023203,0.0025959,0.0028456,0.0030563,0.0032163,0.0033163,0.0033503,0.0033163,0.0032163,0.0030563,0.0028456,0.0025959,0.0023203,0.002032,0.0017437,0.001466,0.0012076 },
	{	0.0013238,0.001607,0.0019114,0.0022275,0.0025435,0.0028456,0.0031193,0.0033503,0.0035256,0.0036352,0.0036725,0.0036352,0.0035256,0.0033503,0.0031193,0.0028456,0.0025435,0.0022275,0.0019114,0.001607,0.0013238 },
	{	0.0014218,0.001726,0.0020529,0.0023924,0.0027318,0.0030563,0.0033503,0.0035983,0.0037867,0.0039044,0.0039444,0.0039044,0.0037867,0.0035983,0.0033503,0.0030563,0.0027318,0.0023924,0.0020529,0.001726,0.0014218 },
	{	0.0014962,0.0018163,0.0021603,0.0025177,0.0028748,0.0032163,0.0035256,0.0037867,0.0039849,0.0041088,0.0041509,0.0041088,0.0039849,0.0037867,0.0035256,0.0032163,0.0028748,0.0025177,0.0021603,0.0018163,0.0014962 },
	{	0.0015427,0.0018728,0.0022275,0.0025959,0.0029642,0.0033163,0.0036352,0.0039044,0.0041088,0.0042365,0.00428,0.0042365,0.0041088,0.0039044,0.0036352,0.0033163,0.0029642,0.0025959,0.0022275,0.0018728,0.0015427 },
	{	0.0015585,0.001892,0.0022503,0.0026225,0.0029946,0.0033503,0.0036725,0.0039444,0.0041509,0.00428,0.0043238,0.00428,0.0041509,0.0039444,0.0036725,0.0033503,0.0029946,0.0026225,0.0022503,0.001892,0.0015585 },
	{	0.0015427,0.0018728,0.0022275,0.0025959,0.0029642,0.0033163,0.0036352,0.0039044,0.0041088,0.0042365,0.00428,0.0042365,0.0041088,0.0039044,0.0036352,0.0033163,0.0029642,0.0025959,0.0022275,0.0018728,0.0015427 },
	{	0.0014962,0.0018163,0.0021603,0.0025177,0.0028748,0.0032163,0.0035256,0.0037867,0.0039849,0.0041088,0.0041509,0.0041088,0.0039849,0.0037867,0.0035256,0.0032163,0.0028748,0.0025177,0.0021603,0.0018163,0.0014962 },
	{	0.0014218,0.001726,0.0020529,0.0023924,0.0027318,0.0030563,0.0033503,0.0035983,0.0037867,0.0039044,0.0039444,0.0039044,0.0037867,0.0035983,0.0033503,0.0030563,0.0027318,0.0023924,0.0020529,0.001726,0.0014218 },
	{	0.0013238,0.001607,0.0019114,0.0022275,0.0025435,0.0028456,0.0031193,0.0033503,0.0035256,0.0036352,0.0036725,0.0036352,0.0035256,0.0033503,0.0031193,0.0028456,0.0025435,0.0022275,0.0019114,0.001607,0.0013238 },
	{	0.0012076,0.001466,0.0017437,0.002032,0.0023203,0.0025959,0.0028456,0.0030563,0.0032163,0.0033163,0.0033503,0.0033163,0.0032163,0.0030563,0.0028456,0.0025959,0.0023203,0.002032,0.0017437,0.001466,0.0012076 },
	{	0.0010794,0.0013103,0.0015585,0.0018163,0.0020739,0.0023203,0.0025435,0.0027318,0.0028748,0.0029642,0.0029946,0.0029642,0.0028748,0.0027318,0.0025435,0.0023203,0.0020739,0.0018163,0.0015585,0.0013103,0.0010794 },
	{	0.00094529,0.0011475,0.0013649,0.0015907,0.0018163,0.002032,0.0022275,0.0023924,0.0025177,0.0025959,0.0026225,0.0025959,0.0025177,0.0023924,0.0022275,0.002032,0.0018163,0.0015907,0.0013649,0.0011475,0.00094529 },
	{	0.00081113,0.00098467,0.0011712,0.0013649,0.0015585,0.0017437,0.0019114,0.0020529,0.0021603,0.0022275,0.0022503,0.0022275,0.0021603,0.0020529,0.0019114,0.0017437,0.0015585,0.0013649,0.0011712,0.00098467,0.00081113 },
	{	0.00068195,0.00082786,0.00098467,0.0011475,0.0013103,0.001466,0.001607,0.001726,0.0018163,0.0018728,0.001892,0.0018728,0.0018163,0.001726,0.001607,0.001466,0.0013103,0.0011475,0.00098467,0.00082786,0.00068195 },
	{	0.00056177,0.00068195,0.00081113,0.00094529,0.0010794,0.0012076,0.0013238,0.0014218,0.0014962,0.0015427,0.0015585,0.0015427,0.0014962,0.0014218,0.0013238,0.0012076,0.0010794,0.00094529,0.00081113,0.00068195,0.00056177 }};
		static const double PSF10[21][21] = {
	{	0.0011731,0.00129,0.0014044,0.0015138,0.0016155,0.0017068,0.0017854,0.001849,0.0018958,0.0019244,0.0019341,0.0019244,0.0018958,0.001849,0.0017854,0.0017068,0.0016155,0.0015138,0.0014044,0.00129,0.0011731 },
	{	0.00129,0.0014185,0.0015444,0.0016647,0.0017765,0.0018769,0.0019633,0.0020332,0.0020847,0.0021162,0.0021268,0.0021162,0.0020847,0.0020332,0.0019633,0.0018769,0.0017765,0.0016647,0.0015444,0.0014185,0.00129 },
	{	0.0014044,0.0015444,0.0016814,0.0018123,0.0019341,0.0020434,0.0021375,0.0022136,0.0022696,0.0023039,0.0023155,0.0023039,0.0022696,0.0022136,0.0021375,0.0020434,0.0019341,0.0018123,0.0016814,0.0015444,0.0014044 },
	{	0.0015138,0.0016647,0.0018123,0.0019535,0.0020847,0.0022026,0.0023039,0.002386,0.0024464,0.0024834,0.0024958,0.0024834,0.0024464,0.002386,0.0023039,0.0022026,0.0020847,0.0019535,0.0018123,0.0016647,0.0015138 },
	{	0.0016155,0.0017765,0.0019341,0.0020847,0.0022247,0.0023505,0.0024587,0.0025462,0.0026107,0.0026502,0.0026634,0.0026502,0.0026107,0.0025462,0.0024587,0.0023505,0.0022247,0.0020847,0.0019341,0.0017765,0.0016155 },
	{	0.0017068,0.0018769,0.0020434,0.0022026,0.0023505,0.0024834,0.0025977,0.0026902,0.0027583,0.0028,0.002814,0.0028,0.0027583,0.0026902,0.0025977,0.0024834,0.0023505,0.0022026,0.0020434,0.0018769,0.0017068 },
	{	0.0017854,0.0019633,0.0021375,0.0023039,0.0024587,0.0025977,0.0027172,0.002814,0.0028853,0.0029289,0.0029436,0.0029289,0.0028853,0.002814,0.0027172,0.0025977,0.0024587,0.0023039,0.0021375,0.0019633,0.0017854 },
	{	0.001849,0.0020332,0.0022136,0.002386,0.0025462,0.0026902,0.002814,0.0029143,0.002988,0.0030332,0.0030484,0.0030332,0.002988,0.0029143,0.002814,0.0026902,0.0025462,0.002386,0.0022136,0.0020332,0.001849 },
	{	0.0018958,0.0020847,0.0022696,0.0024464,0.0026107,0.0027583,0.0028853,0.002988,0.0030637,0.00311,0.0031256,0.00311,0.0030637,0.002988,0.0028853,0.0027583,0.0026107,0.0024464,0.0022696,0.0020847,0.0018958 },
	{	0.0019244,0.0021162,0.0023039,0.0024834,0.0026502,0.0028,0.0029289,0.0030332,0.00311,0.003157,0.0031728,0.003157,0.00311,0.0030332,0.0029289,0.0028,0.0026502,0.0024834,0.0023039,0.0021162,0.0019244 },
	{	0.0019341,0.0021268,0.0023155,0.0024958,0.0026634,0.002814,0.0029436,0.0030484,0.0031256,0.0031728,0.0031887,0.0031728,0.0031256,0.0030484,0.0029436,0.002814,0.0026634,0.0024958,0.0023155,0.0021268,0.0019341 },
	{	0.0019244,0.0021162,0.0023039,0.0024834,0.0026502,0.0028,0.0029289,0.0030332,0.00311,0.003157,0.0031728,0.003157,0.00311,0.0030332,0.0029289,0.0028,0.0026502,0.0024834,0.0023039,0.0021162,0.0019244 },
	{	0.0018958,0.0020847,0.0022696,0.0024464,0.0026107,0.0027583,0.0028853,0.002988,0.0030637,0.00311,0.0031256,0.00311,0.0030637,0.002988,0.0028853,0.0027583,0.0026107,0.0024464,0.0022696,0.0020847,0.0018958 },
	{	0.001849,0.0020332,0.0022136,0.002386,0.0025462,0.0026902,0.002814,0.0029143,0.002988,0.0030332,0.0030484,0.0030332,0.002988,0.0029143,0.002814,0.0026902,0.0025462,0.002386,0.0022136,0.0020332,0.001849 },
	{	0.0017854,0.0019633,0.0021375,0.0023039,0.0024587,0.0025977,0.0027172,0.002814,0.0028853,0.0029289,0.0029436,0.0029289,0.0028853,0.002814,0.0027172,0.0025977,0.0024587,0.0023039,0.0021375,0.0019633,0.0017854 },
	{	0.0017068,0.0018769,0.0020434,0.0022026,0.0023505,0.0024834,0.0025977,0.0026902,0.0027583,0.0028,0.002814,0.0028,0.0027583,0.0026902,0.0025977,0.0024834,0.0023505,0.0022026,0.0020434,0.0018769,0.0017068 },
	{	0.0016155,0.0017765,0.0019341,0.0020847,0.0022247,0.0023505,0.0024587,0.0025462,0.0026107,0.0026502,0.0026634,0.0026502,0.0026107,0.0025462,0.0024587,0.0023505,0.0022247,0.0020847,0.0019341,0.0017765,0.0016155 },
	{	0.0015138,0.0016647,0.0018123,0.0019535,0.0020847,0.0022026,0.0023039,0.002386,0.0024464,0.0024834,0.0024958,0.0024834,0.0024464,0.002386,0.0023039,0.0022026,0.0020847,0.0019535,0.0018123,0.0016647,0.0015138 },
	{	0.0014044,0.0015444,0.0016814,0.0018123,0.0019341,0.0020434,0.0021375,0.0022136,0.0022696,0.0023039,0.0023155,0.0023039,0.0022696,0.0022136,0.0021375,0.0020434,0.0019341,0.0018123,0.0016814,0.0015444,0.0014044 },
	{	0.00129,0.0014185,0.0015444,0.0016647,0.0017765,0.0018769,0.0019633,0.0020332,0.0020847,0.0021162,0.0021268,0.0021162,0.0020847,0.0020332,0.0019633,0.0018769,0.0017765,0.0016647,0.0015444,0.0014185,0.00129 },
	{	0.0011731,0.00129,0.0014044,0.0015138,0.0016155,0.0017068,0.0017854,0.001849,0.0018958,0.0019244,0.0019341,0.0019244,0.0018958,0.001849,0.0017854,0.0017068,0.0016155,0.0015138,0.0014044,0.00129,0.0011731 }};
		
	// really need a better way ... why can't pointers do this?
	for (y2 = 0; y2<21; y2++)
		for (x2=0; x2<21; x2++)
			if (blur_level == 7)
				PSF[x2][y2] = PSF7[x2][y2];
			else if (blur_level == 10)
				PSF[x2][y2] = PSF10[x2][y2];
			else
				PSF[x2][y2] = PSF10[x2][y2];
		wxStopWatch swatch;
	if (MultiThread ) {
		
		BlurImage21Thread *threads[MAX_THREADS];
		int joint_lines[MAX_THREADS+1];
		int i;
		joint_lines[0]=0;
		joint_lines[MultiThread]=(int) CurrImage.Size[1];
		int skip = (int) CurrImage.Size[1] / MultiThread;			
		for (i=1; i<MultiThread; i++)
			joint_lines[i]=joint_lines[i-1]+skip;
		for (i=0; i<MultiThread; i++) {
			threads[i] = new BlurImage21Thread(&orig, &blur, (double *) PSF, joint_lines[i], joint_lines[i+1]-joint_lines[i]);
			if (threads[i]->Create() != wxTHREAD_NO_ERROR) {
				wxMessageBox("Cannot create thread! Aborting");
				return;
			}
			threads[i]->Run();
		}
		for (i=0; i<MultiThread; i++) {
			threads[i]->Wait();
		}
		for (i=0; i<MultiThread; i++) {
			delete threads[i];
		}
		
	}
	else {
		//		t1 = swatch.Time();
		int xind, yind;
		for (y=0; y<orig.Size[1]; y++) {
			for (x=0; x<orig.Size[0]; x++) {
				ind = x + orig.Size[0] * y;  // this is the center pixel
				sum = 0.0;
				R=G=B=L=0.0;
				for (y2=0; y2<21; y2++) {
					for (x2=0; x2<21; x2++) {
						xind = x + (x2 - 10);
						yind = y + (y2 - 10);
						ind2 = ind + (x2-10) + orig.Size[0]*(y2-10);
						//					if ((ind2 >= 0) && (ind2 < orig.Npixels)) { // valid pixel
						if ((xind >= 0) && (xind < orig.Size[0]) && (yind >= 0) && (yind < orig.Size[1])) { // valid pixel
							if (orig.ColorMode) {
								R = R + (*(orig.Red + ind2) * PSF[x2][y2]);
								G = G + (*(orig.Green + ind2) * PSF[x2][y2]);
								B = B + (*(orig.Blue + ind2) * PSF[x2][y2]);
							}
							else 
								L = L + (*(orig.RawPixels + ind2) * PSF[x2][y2]);
							sum = sum + PSF[x2][y2];
						}
						}
					}
				if (orig.ColorMode) {
					*(blur.Red + ind) = R / sum;
					*(blur.Green + ind) = G / sum;
					*(blur.Blue + ind) = B / sum;
					//*(blur.RawPixels + ind) = (R + G + B) / (3.0 * sum);
				}
				else {
					*(blur.RawPixels + ind) = L / sum;
				}
				}
			}
		//		t2 = swatch.Time();
		//		t3 = 0;
		} // Single-thread version
		  //	wxMessageBox(wxString::Format("%ld %ld %ld", t1, t2, t3));
//	frame->SetStatusText(wxString::Format("%ld",t1));
	}


void BlurImage (fImage& orig, fImage& blur, int blur_level) {
	if (blur_level <= 3)
		BlurImage7(orig, blur, blur_level);
	else
		BlurImage21(orig,blur,blur_level);
}

class FastBlurThread: public wxThread {
public:
	FastBlurThread(fImage* orig_data, fImage* blur_data, fImage* temp_data, double *PSF, int PSF_Size, int start_row, int nrows, int *t_count) :
	wxThread(wxTHREAD_JOINABLE), m_orig(orig_data), m_blur(blur_data), m_temp(temp_data), m_PSF(PSF),  m_PSF_Size(PSF_Size), m_start_row(start_row), m_nrows(nrows), m_t_count(t_count) {}
//	FastBlurThread(fImage* orig_data, fImage* blur_data, fImage* temp_data, double *PSF, int PSF_Size, int start_row, int nrows, int *t_status) :
//	wxThread(wxTHREAD_JOINABLE), m_orig(orig_data), m_blur(blur_data), m_temp(temp_data), m_PSF(PSF),  m_PSF_Size(PSF_Size), m_start_row(start_row), m_nrows(nrows), m_t_status(t_status) {}
	virtual void *Entry();
private:
	fImage *m_orig;
	fImage *m_blur;
	fImage *m_temp;
	double *m_PSF;
	int m_PSF_Size;
	int m_start_row;
	int m_nrows;
//	int *m_t_status;
	int *m_t_count;
};

static wxMutex s_CounterMutex;

void *FastBlurThread::Entry() {
	int xsize = m_orig->Size[0];
	int ysize = m_orig->Size[1];
	int Win_Min, Win_Max;
	float *optr1, *optr2, *optr3;
	float *bptr1, *bptr2, *bptr3;
	double sum;
	double val1, val2, val3;
	int i,x,y;
	int t_num=0;
	
	if (m_start_row > 0)
		t_num=1;

	Win_Max = m_PSF_Size / 2; 
	Win_Min = -1*Win_Max;
/*	wxString foo = wxString::Format("%d %d   %d %d  %d\n",Win_Min,Win_Max,m_start_row,m_nrows,t_num);
	for (i=0;i<m_PSF_Size; i++)
		foo = foo + wxString::Format("%.3f ",m_PSF[i]);
	wxMessageBox(foo);*/
//	wxMessageBox(wxString::Format("%d %d   %d %d  %d",Win_Min,Win_Max,m_start_row,m_nrows,t_num));

	if (m_orig->ColorMode) {
		optr1 = m_orig->Red + m_start_row*xsize;
		bptr1 = m_temp->Red + m_start_row*xsize;
		optr2 = m_orig->Green + m_start_row*xsize;
		bptr2 = m_temp->Green + m_start_row*xsize;
		optr3 = m_orig->Blue + m_start_row*xsize;
		bptr3 = m_temp->Blue + m_start_row*xsize;
		for (y=m_start_row; y<(m_start_row+m_nrows); y++) {
			for (x=0; x<xsize; x++, optr1++, bptr1++, optr2++, optr3++, bptr2++, bptr3++) {
				sum = val1 = val2 = val3 = 0.0;
				for (i=Win_Min; i<=Win_Max; i++) {
					if ( ((i+x)>0) && ((i+x)<xsize) ) { // valid
						sum = sum + m_PSF[i+Win_Max];
						val1 = val1 + (double) *(optr1 + i) * m_PSF[i+Win_Max];
						val2 = val2 + (double) *(optr2 + i) * m_PSF[i+Win_Max];
						val3 = val3 + (double) *(optr3 + i) * m_PSF[i+Win_Max];
					}
				}
				*bptr1 = (float) (val1 / sum);
				*bptr2 = (float) (val2 / sum);
				*bptr3 = (float) (val3 / sum);
			}
		}
		
	}
	else {
		optr1 = m_orig->RawPixels + m_start_row*xsize;
		bptr1 = m_temp->RawPixels + m_start_row*xsize;
		for (y=m_start_row; y<(m_start_row+m_nrows); y++) {
			for (x=0; x<xsize; x++, optr1++, bptr1++) {
				sum = val1 = 0.0;
				for (i=Win_Min; i<=Win_Max; i++) {
					if ( ((i+x)>0) && ((i+x)<xsize) ) { // valid
						sum = sum + m_PSF[i+Win_Max];
						val1 = val1 + (double) *(optr1 + i) * m_PSF[i+Win_Max];
					}
				}
				*bptr1 = (float) (val1 / sum);
			}
		}
	}
//	m_t_status[t_num] = 1;
	

//	while (m_t_status[1-t_num] == 0)
//		wxMilliSleep(100);
	s_CounterMutex.Lock();
	*m_t_count = *m_t_count - 1;
	s_CounterMutex.Unlock();
	while (*m_t_count > 0)
		wxMilliSleep(100);
	
	// Run blur the other way
	if (m_orig->ColorMode) {
		optr1 = m_temp->Red + m_start_row*xsize;
		bptr1 = m_blur->Red + m_start_row*xsize;
		optr2 = m_temp->Green + m_start_row*xsize;
		bptr2 = m_blur->Green + m_start_row*xsize;
		optr3 = m_temp->Blue + m_start_row*xsize;
		bptr3 = m_blur->Blue + m_start_row*xsize;
		for (y=m_start_row; y<(m_start_row + m_nrows); y++) {
			for (x=0; x<xsize; x++, optr1++, bptr1++, optr2++, optr3++, bptr2++, bptr3++) {
				sum = val1 = val2 = val3 = 0.0;
				for (i=Win_Min; i<=Win_Max; i++) {
					if ( ((i+y)>0) && ((i+y)<ysize) ) { // valid
						sum = sum + m_PSF[i+Win_Max];
						val1 = val1 + (double) *(optr1 + i*xsize) * m_PSF[i+Win_Max];
						val2 = val2 + (double) *(optr2 + i*xsize) * m_PSF[i+Win_Max];
						val3 = val3 + (double) *(optr3 + i*xsize) * m_PSF[i+Win_Max];
					}
				}
				*bptr1 = (float) (val1 / sum);
				*bptr2 = (float) (val2 / sum);
				*bptr3 = (float) (val3 / sum);
			}
		}
	}
	else {
		optr1 = m_temp->RawPixels + m_start_row*xsize;
		bptr1 = m_blur->RawPixels + m_start_row*xsize;
		for (y=m_start_row; y<(m_start_row+m_nrows); y++) {
			for (x=0; x<xsize; x++, optr1++, bptr1++) {
				sum = val1 = 0.0;
				for (i=Win_Min; i<=Win_Max; i++) {
					if ( ((i+y)>0) && ((i+y)<ysize) ) { // valid
						sum = sum + m_PSF[i+Win_Max];
						val1 = val1 + (double) *(optr1 + i*xsize) * m_PSF[i+Win_Max];
					}
				}
				*bptr1 = (float) (val1 / sum);
			}
		}
	}
	
	return NULL;
}



void FastGaussBlur(fImage& orig, fImage& blur, double radius) {
	int x, y, i;
	double PSF[41];
	int PSF_Size;
	int Win_Min, Win_Max;
	float *optr1, *optr2, *optr3;
	float *bptr1, *bptr2, *bptr3;
	
	int xsize = orig.Size[0];
	int ysize = orig.Size[1];

	PSF_Size = (int) (radius * 2.0);
	if (PSF_Size < 5) PSF_Size = 5;
	if (PSF_Size > 41) PSF_Size = 41;
	if (!(PSF_Size % 2)) PSF_Size++;
	
	Win_Max = PSF_Size / 2; 
	Win_Min = -1*Win_Max;
	
	// Setup PSF
	double c1 = 1/(radius * 2.50662827463); // 1/(sigma*sqrt(2*pi))
	double c2 = -2.0 * radius * radius;
	double sum;
	double val1, val2, val3;
	sum = 0.0;
	for (i=Win_Min; i<=Win_Max; i++) {
		PSF[i+Win_Max] = c1*exp((i*i)/c2);
		sum = sum + PSF[i+Win_Max];
	}
	for (i=0; i<PSF_Size; i++)
		PSF[i]=PSF[i]/sum;
	
	// Setup temp image to hold one blur
	fImage tempimg;
	if (tempimg.Init(xsize,ysize,orig.ColorMode)) {
		(void) wxMessageBox(_("Cannot allocate enough memory"),_("Error"),wxOK | wxICON_ERROR);
		return;
	}
//	wxStopWatch swatch;
//	swatch.Start();
	if (MultiThread) {
		FastBlurThread *threads[MAX_THREADS];
		int joint_lines[MAX_THREADS+1];
		int i;
		joint_lines[0]=0;
		joint_lines[MultiThread]=(int) CurrImage.Size[1];
		int t_count = MultiThread; // how many threads running to wait for?
		int skip = (int) CurrImage.Size[1] / MultiThread;			
		for (i=1; i<MultiThread; i++)
			joint_lines[i]=joint_lines[i-1]+skip;
		for (i=0; i<MultiThread; i++) {
			threads[i] = new FastBlurThread(&orig, &blur, &tempimg, (double *) PSF, PSF_Size, joint_lines[i], joint_lines[i+1]-joint_lines[i], &t_count);
			if (threads[i]->Create() != wxTHREAD_NO_ERROR) {
				wxMessageBox("Cannot create thread! Aborting");
				return;
			}
			threads[i]->Run();
		}
		for (i=0; i<MultiThread; i++) {
			threads[i]->Wait();
		}
		for (i=0; i<MultiThread; i++) {
			delete threads[i];
		}
	}	
	else {	
		// Run blur one way
		if (orig.ColorMode) {
			optr1 = orig.Red;
			bptr1 = tempimg.Red;
			optr2 = orig.Green;
			bptr2 = tempimg.Green;
			optr3 = orig.Blue;
			bptr3 = tempimg.Blue;
			for (y=0; y<ysize; y++) {
				for (x=0; x<xsize; x++, optr1++, bptr1++, optr2++, optr3++, bptr2++, bptr3++) {
					sum = val1 = val2 = val3 = 0.0;
					for (i=Win_Min; i<=Win_Max; i++) {
						if ( ((i+x)>0) && ((i+x)<xsize) ) { // valid
							sum = sum + PSF[i+Win_Max];
							val1 = val1 + (double) *(optr1 + i) * PSF[i+Win_Max];
							val2 = val2 + (double) *(optr2 + i) * PSF[i+Win_Max];
							val3 = val3 + (double) *(optr3 + i) * PSF[i+Win_Max];
						}
					}
					*bptr1 = (float) (val1 / sum);
					*bptr2 = (float) (val2 / sum);
					*bptr3 = (float) (val3 / sum);
				}
			}
			
			
		}
		else {
			optr1 = orig.RawPixels;
			bptr1 = tempimg.RawPixels;
			for (y=0; y<ysize; y++) {
				for (x=0; x<xsize; x++, optr1++, bptr1++) {
					sum = val1 = 0.0;
					for (i=Win_Min; i<=Win_Max; i++) {
						if ( ((i+x)>0) && ((i+x)<xsize) ) { // valid
							sum = sum + PSF[i+Win_Max];
							val1 = val1 + (double) *(optr1 + i) * PSF[i+Win_Max];
						}
					}
					*bptr1 = (float) (val1 / sum);
				}
			}
		}
		
		// Run blur the other way
		if (orig.ColorMode) {
			optr1 = tempimg.Red;
			bptr1 = blur.Red;
			optr2 = tempimg.Green;
			bptr2 = blur.Green;
			optr3 = tempimg.Blue;
			bptr3 = blur.Blue;
			for (y=0; y<ysize; y++) {
				for (x=0; x<xsize; x++, optr1++, bptr1++, optr2++, optr3++, bptr2++, bptr3++) {
					sum = val1 = val2 = val3 = 0.0;
					for (i=Win_Min; i<=Win_Max; i++) {
						if ( ((i+y)>0) && ((i+y)<ysize) ) { // valid
							sum = sum + PSF[i+Win_Max];
							val1 = val1 + (double) *(optr1 + i*xsize) * PSF[i+Win_Max];
							val2 = val2 + (double) *(optr2 + i*xsize) * PSF[i+Win_Max];
							val3 = val3 + (double) *(optr3 + i*xsize) * PSF[i+Win_Max];
						}
					}
					*bptr1 = (float) (val1 / sum);
					*bptr2 = (float) (val2 / sum);
					*bptr3 = (float) (val3 / sum);
				}
			}
			
			
		}
		else {
			optr1 = tempimg.RawPixels;
			bptr1 = blur.RawPixels;
			for (y=0; y<ysize; y++) {
				for (x=0; x<xsize; x++, optr1++, bptr1++) {
					sum = val1 = 0.0;
					for (i=Win_Min; i<=Win_Max; i++) {
						if ( ((i+y)>0) && ((i+y)<ysize) ) { // valid
							sum = sum + PSF[i+Win_Max];
							val1 = val1 + (double) *(optr1 + i*xsize) * PSF[i+Win_Max];
						}
					}
					*bptr1 = (float) (val1 / sum);
				}
			}
		}
	
	}
	//frame->SetStatusText(wxString::Format("%ld",swatch.Time()));
}

bool Median3 (fImage& orig) {
	fImage tempimg;
	int x, y;
	int xsize, ysize;
	float pixels[9];
	
	if (!orig.IsOK())  // make sure we have some data
		return false;
	xsize = orig.Size[0];
	ysize = orig.Size[1];
	if (tempimg.Init(xsize,ysize,orig.ColorMode)) {
		(void) wxMessageBox(_("Cannot allocate enough memory"),_("Error"),wxOK | wxICON_ERROR);
		return true;
	}
	//wxStopWatch swatch;
	//swatch.Start();
	
	wxBeginBusyCursor();	
	tempimg.CopyFrom(orig);  // Orig now in temping
	//long t1 = swatch.Time();
	if (orig.ColorMode) {
#pragma omp parallel for private(y,x,pixels)
		for (y=1; y<ysize-1; y++) {
			for (x=1; x<xsize-1; x++) {
				pixels[0] = tempimg.Red[(x-1)+(y-1)*xsize];
				pixels[1] = tempimg.Red[(x)+(y-1)*xsize];
				pixels[2] = tempimg.Red[(x+1)+(y-1)*xsize];
				pixels[3] = tempimg.Red[(x-1)+(y)*xsize];
				pixels[4] = tempimg.Red[(x)+(y)*xsize];
				pixels[5] = tempimg.Red[(x+1)+(y)*xsize];
				pixels[6] = tempimg.Red[(x-1)+(y+1)*xsize];
				pixels[7] = tempimg.Red[(x)+(y+1)*xsize];
				pixels[8] = tempimg.Red[(x+1)+(y+1)*xsize];
				qsort(pixels,9,sizeof(float),qs_compare);
				orig.Green[x+y*xsize] = pixels[4];
				pixels[0] = tempimg.Green[(x-1)+(y-1)*xsize];
				pixels[1] = tempimg.Green[(x)+(y-1)*xsize];
				pixels[2] = tempimg.Green[(x+1)+(y-1)*xsize];
				pixels[3] = tempimg.Green[(x-1)+(y)*xsize];
				pixels[4] = tempimg.Green[(x)+(y)*xsize];
				pixels[5] = tempimg.Green[(x+1)+(y)*xsize];
				pixels[6] = tempimg.Green[(x-1)+(y+1)*xsize];
				pixels[7] = tempimg.Green[(x)+(y+1)*xsize];
				pixels[8] = tempimg.Green[(x+1)+(y+1)*xsize];
				qsort(pixels,9,sizeof(float),qs_compare);
				orig.Green[x+y*xsize] = pixels[4];
				pixels[0] = tempimg.Blue[(x-1)+(y-1)*xsize];
				pixels[1] = tempimg.Blue[(x)+(y-1)*xsize];
				pixels[2] = tempimg.Blue[(x+1)+(y-1)*xsize];
				pixels[3] = tempimg.Blue[(x-1)+(y)*xsize];
				pixels[4] = tempimg.Blue[(x)+(y)*xsize];
				pixels[5] = tempimg.Blue[(x+1)+(y)*xsize];
				pixels[6] = tempimg.Blue[(x-1)+(y+1)*xsize];
				pixels[7] = tempimg.Blue[(x)+(y+1)*xsize];
				pixels[8] = tempimg.Blue[(x+1)+(y+1)*xsize];
				qsort(pixels,9,sizeof(float),qs_compare);
				orig.Blue[x+y*xsize] = pixels[4];
				//orig.RawPixels[x+y*xsize] = (orig.Red[x+y*xsize] + orig.Green[x+y*xsize] + orig.Blue[x+y*xsize]) / 3.0;
			}
		}
	}
	else {
#pragma omp parallel for private(y,x,pixels)
		for (y=1; y<ysize-1; y++) {
			for (x=1; x<xsize-1; x++) {
				pixels[0] = tempimg.RawPixels[(x-1)+(y-1)*xsize];
				pixels[1] = tempimg.RawPixels[(x)+(y-1)*xsize];
				pixels[2] = tempimg.RawPixels[(x+1)+(y-1)*xsize];
				pixels[3] = tempimg.RawPixels[(x-1)+(y)*xsize];
				pixels[4] = tempimg.RawPixels[(x)+(y)*xsize];
				pixels[5] = tempimg.RawPixels[(x+1)+(y)*xsize];
				pixels[6] = tempimg.RawPixels[(x-1)+(y+1)*xsize];
				pixels[7] = tempimg.RawPixels[(x)+(y+1)*xsize];
				pixels[8] = tempimg.RawPixels[(x+1)+(y+1)*xsize];
				qsort(pixels,9,sizeof(float),qs_compare);
				orig.RawPixels[x+y*xsize] = pixels[4];
			}
		} 
	}
	//wxMessageBox(wxString::Format("%ld %ld",t1,swatch.Time()));
	wxEndBusyCursor();
	return false;

}

void CalcSobelEdge (fImage& orig, fImage& edge) {
	// Calculates a modified Sobel edge map (includes diagonal edges in map)
	// Assumes "edge" has already been allocated.  

	int x, y, ind;
	int x2, y2, ind2;
	float R1, G1, B1, L1;
	float R2, G2, B2, L2;
	float R3, G3, B3, L3;
	float R4, G4, B4, L4;
	
	static const double sx[3][3] = {
		{ 1.0,  2.0,  1.0 },
		{ 0.0,  0.0,  0.0 },
		{-1.0, -2.0, -1.0}
	};
	static const double sy[3][3] = {
		{-1.0,  0.0,  1.0 },
		{-2.0,  0.0,  2.0 },
		{-1.0,  0.0,  1.0 }
	};
	static const double sd1[3][3] = {
		{ 2.0,  1.0,  0.0 },
		{ 1.0,  0.0, -1.0 },
		{ 0.0, -1.0, -2.0 }
	};
	static const double sd2[3][3] = {
		{ 0.0,  1.0,  2.0 },
		{-1.0,  0.0,  1.0 },
		{-2.0, -1.0,  0.0 }
	};

	if (orig.ColorMode) {
#pragma omp parallel for private(y,x,R1,G1,B1,R2,G2,B2,R3,G3,B3,R4,G4,B4,ind,ind2,x2,y2)
		for (y=0; y<(int) orig.Size[1]; y++) {
			for (x=0; x<(int) orig.Size[0]; x++) {
				ind = x + (int) orig.Size[0] * y;  // this is the center pixel
				R1=G1=B1=0.0;
				R2=G2=B2=0.0;
				R3=G3=B3=0.0;
				R4=G4=B4=0.0;
				for (y2=0; y2<3; y2++) {
					for (x2=0; x2<3; x2++) {
						ind2 = ind + (x2-1) + (int) orig.Size[0]*(y2-1);
						if ((ind2 >= 0) && (ind2 < orig.Npixels)) { // valid pixel
							R1 = R1 + orig.Red[ind2] * sx[x2][y2];
							R2 = R2 + orig.Red[ind2] * sy[x2][y2];
							R3 = R3 + orig.Red[ind2] * sd1[x2][y2];
							R4 = R4 + orig.Red[ind2] * sd2[x2][y2];
